FEMALE

[('breitbart', [0, 0, 0, 0, 0, 0, 0, 0, 0, 0, 0, 0, 0, 0, 0, 0, 0, 0, 0, 0, 0, 0, 0, 0, 0, 0, 0, 0, 0, 0, 0, 0, 0, 0, 0, 0, 0, 0, 0, 0, 0, 0, 0, 0, 0, 0, 0, 0, 0, 0, 0, 0, 0, 0, 0, 0, 0, 0, 0, 0, 0, 0, 0, 0, 0, 0, 0, 0, 0, 0, 0, 0, 0, 0, 0, 0, 0, 0, 0, 0, 0, 0, 0, 0, 0, 0, 0, 0, 0, 0, 0, 0, 0, 0, 0, 0, 0, 0, 0, 0, 0, 0, 0, 0, 0, 0, 0, 0, 0, 0, 0, 0, 0, 0, 0, 0, 0, 0, 0, 0, 0, 0, 0, 0, 0]), ('fox', [0, 0, 0, 0, 0, 0, 0, 0, 0, 0, 0, 0, 0, 0, 0, 0, 0, 0, 0, 0, 0, 0, 0, 0, 0, 0, 0, 0, 0, 0, 0, 0, 0, 0, 0, 0, 0, 0, 0, 0, 0, 0, 0, 0, 0, 0, 0, 0, 0, 0, 0, 0, 0, 0, 0, 0, 0, 0, 0, 0, 0, 0, 0, 0, 0, 0, 0, 0, 0, 0, 0, 0, 0, 0, 0, 0, 0, 0, 0, 0, 0, 0, 0, 0, 0, 0, 0, 0, 0, 0, 0, 0, 0, 0, 0, 0, 0, 0, 0, 0, 0, 0, 0, 0, 0, 0, 0, 0, 0, 0, 0, 0, 0, 0, 0, 0, 0, 0, 0, 0, 0, 0, 0, 0, 0]), ('usa_today', [0, 0, 0, 0, 0, 0, 0, 0, 0, 0, 0, 0, 0, 0, 0, 0, 0, 0, 0, 0, 0, 0, 0, 0, 0, 0, 0, 0, 0, 0, 0, 0, 0, 0, 0, 0, 0, 0, 0, 0, 0, 0, 0, 0, 0, 0, 0, 0, 0, 0, 0, 0, 0, 0, 0, 0, 0, 0, 0, 0, 0, 0, 0, 0, 0, 0, 0, 0, 0, 0, 0, 0, 0, 0, 0, 0, 0, 0, 0, 0, 0, 0, 0, 0, 0, 0, 0, 0, 0, 0, 0, 0, 0, 0, 0, 0, 0, 0, 0, 0, 0, 0, 0, 0, 0, 0, 0, 0, 0, 0, 0, 0, 0, 0, 0]), ('huffpost', [0, 0, 0, 0, 0, 0, 0, 0, 0, 0, 0, 0, 0, 0, 0, 0, 0, 0, 0, 0, 0, 0, 0, 0, 0, 0, 0, 0, 0, 0, 0, 0, 0, 0, 0, 0, 0, 0, 0, 0, 0, 0, 0, 0, 0, 0, 0, 0, 0, 0, 0, 0, 0, 0, 0, 0, 0, 0, 0, 0, 0, 0, 0, 0, 0, 0, 0, 0, 0, 0, 0, 0, 0, 0, 0, 0, 0, 0, 0, 0, 0, 0, 0, 0, 0, 0, 0, 0, 0, 0, 0, 0, 0, 0, 0, 0, 0, 0, 0, 0, 0, 0, 0, 0, 0, 0, 0, 0, 0, 0, 0, 0, 0, 0, 0, 0, 0, 0, 0, 0, 0, 0, 0, 0, 0]), ('new_york_times', [0, 0, 0, 0, 0, 0, 0, 0, 0, 0, 0, 0, 0, 0, 0, 0, 0, 0, 0, 0, 0, 0, 0, 0, 0, 0, 0, 0, 0, 0, 0, 0, 0, 0, 0, 0, 0, 0, 0, 0, 0, 0, 0, 0, 0, 0, 0, 0, 0, 0, 0, 0, 0, 0, 0, 0, 0, 0, 0, 0, 0, 0, 0, 0, 0, 0, 0, 0, 0, 0, 0, 0, 0, 0, 0, 0, 0, 0, 0, 0, 0, 0, 0, 0, 0, 0, 0, 0, 0, 0, 0, 0, 0, 0, 0, 0, 0, 0, 0, 0, 0, 0, 0, 0, 0, 0, 0, 0, 0, 0, 0, 0, 0, 0, 0, 0, 0, 0, 0, 0, 0, 0, 0, 0, 0])]

MALE

[('breitbart', [0, 0, 0, 0, 0, 0, 0, 0, 0, 0, 0, 0, 0, 0, 0, 0, 0, 0, 0, 0, 0, 0, 0, 0, 0, 0, 0, 0, 0, 0, 0, 0, 0, 0, 0, 0, 0, 1, 0, 0, 0, 0, 0, 0, 0, 0, 0, 0, 0, 0, 0, 0, 0, 0, 0, 0, 0, 0, 0, 0, 0, 0, 0, 0, 0, 0, 0, 0, 0, 0, 0, 0, 0, 0, 0, 0, 0, 0, 0, 0, 0, 0, 0, 0, 0, 0, 0, 0, 0, 0, 0, 0, 0, 1, 0, 0, 0, 0, 0, 0, 1, 0, 0, 0, 0, 0, 0, 0, 0, 0, 0, 0, 0, 0, 0, 0, 0, 0, 0, 0, 0, 0, 0, 0, 0]), ('fox', [0, 0, 0, 0, 0, 0, 0, 0, 0, 1, 0, 0, 0, 0, 0, 0, 0, 0, 0, 0, 0, 1, 0, 0, 0, 0, 0, 0, 0, 0, 0, 0, 0, 0, 0, 0, 0, 0, 0, 0, 0, 0, 0, 0, 0, 0, 0, 0, 0, 0, 0, 0, 0, 0, 0, 0, 0, 0, 0, 0, 0, 0, 0, 0, 0, 0, 0, 0, 0, 0, 0, 0, 1, 0, 0, 0, 0, 0, 0, 0, 0, 0, 0, 0, 0, 1, 0, 0, 0, 0, 0, 0, 0, 0, 0, 0, 0, 0, 0, 0, 0, 0, 0, 0, 0, 0, 0, 0, 0, 0, 0, 0, 0, 0, 0, 0, 0, 0, 0, 0, 0, 0, 0, 0, 0]), ('usa_today', [0, 0, 0, 0, 0, 0, 0, 0, 0, 0, 0, 0, 0, 0, 0, 1, 1, 0, 0, 0, 0, 0, 1, 0, 0, 0, 0, 0, 1, 1, 0, 1, 0, 1, 0, 0, 0, 0, 0, 0, 0, 0, 0, 0, 0, 0, 0, 1, 0, 0, 0, 0, 0, 1, 0, 1, 1, 0, 1, 0, 0, 1, 0, 0, 0, 0, 0, 0, 0, 0, 0, 0, 0, 0, 0, 0, 1, 0, 0, 0, 0, 0, 0, 0, 0, 1, 1, 0, 0, 0, 0, 0, 0, 0, 1, 0, 0, 0, 0, 0, 0, 1, 0, 0, 0, 0, 0, 1, 0, 0, 0, 0, 0, 0, 0, 0, 0, 0, 0, 1, 0, 1, 0, 0, 0]), ('huffpost', [1, 0, 0, 0, 0, 1, 0, 0, 0, 0, 0, 0, 0, 0, 0, 0, 0, 0, 0, 0, 0, 0, 0, 0, 0, 1, 0, 0, 0, 0, 0, 0, 0, 0, 0, 0, 0, 0, 0, 0, 0, 0, 0, 0, 1, 0, 0, 0, 0, 0, 0, 0, 0, 0, 0, 0, 0, 0, 0, 0, 0, 0, 0, 0, 0, 0, 0, 0, 0, 0, 0, 0, 0, 0, 0, 0, 0, 0, 0, 0, 0, 0, 0, 0, 0, 0, 0, 0, 0, 0, 0, 0, 0, 0, 0, 0, 0, 0, 0, 0, 0, 0, 0, 0, 0, 0, 0, 0, 0, 0, 0, 0, 0, 0, 0, 0, 0, 0, 1, 0, 0, 0, 0, 0, 0]), ('new_york_times', [0, 0, 0, 0, 0, 0, 0, 0, 0, 0, 0, 0, 0, 0, 0, 0, 0, 1, 0, 0, 0, 0, 1, 0, 0, 1, 0, 0, 0, 0, 1, 0, 0, 0, 0, 0, 0, 0, 0, 0, 0, 0, 0, 0, 0, 0, 0, 0, 0, 0, 0, 0, 0, 0, 0, 0, 0, 0, 0, 0, 0, 0, 0, 0, 0, 0, 0, 0, 0, 0, 0, 0, 1, 0, 0, 0, 0, 0, 0, 0, 0, 0, 0, 0, 0, 0, 0, 1, 0, 0, 0, 0, 0, 0, 0, 0, 0, 0, 0, 0, 0, 0, 0, 0, 0, 0, 0, 0, 0, 0, 0, 0, 0, 0, 0, 0, 0, 0, 0, 0, 0, 0, 1, 0, 0])]

PROBABILITIES

[(0.5961958384101097, 0), (0.8249858345680575, 0), (0.8228926092722976, 0), (0.8633479838241123, 0), (0.849358597175803, 0), (0.7803914549641551, 0), (0.5470194380980307, 0), (0.6496779840476676, 0), (0.6449087219527543, 0), (0.8728736455787274, 0), (0.8061483751159599, 0), (0.7375263341281745, 0), (0.7498914997642894, 0), (0.9051957489209964, 0), (0.5223528811406346, 0), (0.6670510255118629, 0), (0.7060920129336412, 0), (0.8160280017948295, 0), (0.9753605235675391, 0), (0.854137967928797, 0), (0.5889190929109641, 0), (0.7297114593252105, 0), (0.5883845162518944, 0), (0.8500865458288843, 0), (0.6023764327945318, 0), (0.6379748693708185, 0), (0.5112667998270978, 0), (0.8526687016811989, 0), (0.6339161774978874, 0), (0.658782296925746, 0), (0.6120616176560678, 0), (0.6932128195457735, 0), (0.9181373787769023, 0), (0.7858482169652432, 0), (0.8830479106009496, 0), (0.8952070869958573, 0), (0.6637871430691615, 0), (0.7546628312775057, 0), (0.8553079590539738, 0), (0.836692993895146, 0), (0.9432332209969561, 0), (0.7301036017126435, 0), (0.5203021630352515, 0), (0.5112667998270978, 0), (0.7239647142794929, 0), (0.6647219394967909, 0), (0.5933875529147439, 1), (0.8149229429878703, 0), (0.6448748987967368, 0), (0.5112667998270978, 0), (0.8624336038851547, 0), (0.8069237022049003, 0), (0.6641401771100659, 0), (0.5438862165915674, 0), (0.5943373980606443, 0), (0.6527390294592568, 1), (0.5484942760034228, 0), (0.7374619397570512, 0), (0.9243394241618769, 0), (0.6651514711054862, 0), (0.5704241886792089, 0), (0.5464051450051088, 1), (0.8780333002616348, 0), (0.748130487337497, 0), (0.6248190325527115, 0), (0.8497799208327736, 0), (0.6499041473170015, 0), (0.698228595796136, 0), (0.8859682573275156, 0), (0.7476826428170776, 0), (0.675701048226194, 1), (0.7305883958343273, 0), (0.6290684611871902, 0), (0.715304507195108, 0), (0.6042535470308565, 0), (0.5112667998270978, 0), (0.5534042038184261, 0), (0.519358185669704, 0), (0.7585568712013155, 0), (0.6928397084882674, 0), (0.7074097786742926, 0), (0.8140416841323763, 0), (0.719305169732827, 0), (0.8242773818554513, 0), (0.7167985475815424, 0), (0.705472872703468, 0), (0.7518678993597285, 0), (0.6825113314563355, 0), (0.8415850659981349, 0), (0.7867523477841494, 0), (0.7171259298239738, 0), (0.8709157414970009, 0), (0.7367206082867932, 0), (0.590135006086207, 0), (0.5112667998270978, 0), (0.8828779729138241, 0), (0.570825716789977, 0), (0.9172491300366834, 0), (0.8936633733916935, 0), (0.6600070479905391, 0), (0.8871198085662656, 0), (0.7298451451722618, 0), (0.8899508711192373, 0), (0.6642348630845727, 0), (0.8247366463982408, 0), (0.8619567284974007, 0), (0.8172344958100004, 0), (0.8464284399341492, 0), (0.715078654789396, 0), (0.8241641160432966, 0), (0.968313713391077, 0), (0.8803744132222587, 0), (0.6424281229102529, 0), (0.664945640026622, 0), (0.5319648475511607, 0), (0.6523076128534782, 0), (0.5014968172868071, 0), (0.7073152382720092, 0), (0.7314729264528165, 0), (0.8483424561916892, 0), (0.7636362784829221, 0), (0.7795986562758209, 0), (0.8046629533566255, 0), (0.6833857694437211, 0), (0.6287557563691095, 0), (0.5961996096690649, 0), (0.7856043369434563, 0), (0.7162364457396586, 0), (0.7733674086225343, 0), (0.5879036178281575, 0), (0.7230767128119369, 0), (0.7579142668346486, 0), (0.6254728484666905, 0), (0.5284046267090217, 0), (0.7321630346892465, 0), (0.8951819411731428, 0), (0.6935879880707587, 0), (0.8251014258534055, 0), (0.9383805598092494, 0), (0.5112667998270978, 0), (0.8269281535905278, 0), (0.8031466968990251, 0), (0.8555943851320156, 0), (0.8065791878946018, 0), (0.8579296312712228, 0), (0.6840292187152138, 0), (0.571438545795069, 0), (0.6392948127702385, 0), (0.7944337786253924, 0), (0.9029568983262232, 0), (0.6612893630233172, 0), (0.7145594468839864, 0), (0.8103494965308643, 0), (0.8593181412659678, 0), (0.8344886320386595, 0), (0.8199368827182104, 0), (0.8212160316929646, 0), (0.6956161205193743, 1), (0.8833196771841116, 0), (0.6980841108225593, 0), (0.6381669581439319, 0), (0.7980865159307361, 0), (0.851059421472639, 0), (0.6943031817712768, 0), (0.6380475821555498, 0), (0.6578041468237577, 0), (0.892981866708836, 0), (0.7837331362746823, 0), (0.5487811141198398, 0), (0.6492470485287002, 0), (0.7386501400998812, 0), (0.5997394255591375, 0), (0.8913364189966365, 0), (0.7981610535029865, 0), (0.9267430537235031, 0), (0.5819928018180809, 0), (0.5117717627461046, 1), (0.7948226738419406, 0), (0.6692729722804294, 0), (0.59225099301608, 0), (0.7989931528135973, 0), (0.6532124982254033, 0), (0.6252954165530209, 0), (0.7265398335055426, 0), (0.7072989514907615, 0), (0.6758961530047976, 0), (0.8845873771636221, 0), (0.8812276722640037, 0), (0.541350253449645, 0), (0.6695006316351279, 0), (0.6901424090912935, 0), (0.6454289844611489, 0), (0.7925731180845024, 0), (0.8198088399730813, 0), (0.8584190044084257, 0), (0.6239695820138889, 0), (0.7896795080203668, 0), (0.5960081316825092, 0), (0.7082250989666008, 0), (0.8207246250476462, 0), (0.5272936165178908, 0), (0.8828440920654645, 0), (0.6251698683935035, 0), (0.9141075654891688, 0), (0.8774890545844861, 0), (0.7399980403516984, 0), (0.893532747913262, 0), (0.8814573259128341, 0), (0.8441243967709517, 0), (0.5116322678717444, 0), (0.8534517038955393, 0), (0.7623116340669371, 0), (0.7689083827072938, 0), (0.6947011619179176, 0), (0.8270453851541258, 0), (0.587185007035707, 0), (0.6589249397284792, 0), (0.644964939707711, 0), (0.6629460615528244, 0), (0.7364599511048263, 0), (0.859992239513367, 0), (0.9067534605382622, 0), (0.6845483165759891, 0), (0.8065923365670715, 0), (0.8214117854027028, 0), (0.5891537545754806, 0), (0.9050374291995773, 0), (0.5112667998270978, 0), (0.7245384424746872, 0), (0.7942673673905947, 0), (0.692473572068413, 0), (0.6817819790758517, 0), (0.596805630234946, 0), (0.6224088557064751, 0), (0.7874895298083698, 0), (0.5525501705992639, 0), (0.5880548541812076, 0), (0.7501713579112472, 0), (0.902717250337524, 0), (0.5112667998270978, 0), (0.8315742621535358, 0), (0.6663015024915991, 0), (0.9174261274518264, 0), (0.6011918831531722, 0), (0.7384931368284562, 0), (0.5574095437686893, 1), (0.5366327248769838, 0), (0.743092750494498, 0), (0.7256775147426104, 0), (0.5496127920259319, 0)]
