FEMALE

[('breitbart', [0, 0, 0, 0, 0, 0, 0, 0, 0, 0, 0, 0, 0, 0, 0, 0, 0, 1, 0, 0, 0, 0, 1, 0, 0, 0, 0, 0, 0, 0, 0, 0, 0, 0, 0, 0, 0, 0, 0, 0, 0, 0, 0, 0, 0, 0, 0, 0, 0, 0, 0, 1, 0, 0, 0, 0, 0, 0, 0, 0, 0, 0, 0, 0, 0, 0, 0, 0, 1, 0, 0, 0, 0, 0, 0, 0, 0, 0, 0, 0, 0, 0, 1, 0, 0, 0, 0, 0, 0, 0, 0, 0, 0, 1, 0, 0, 0, 0, 1, 1, 0, 0, 0, 0, 0, 0, 0, 0, 0, 0, 0, 0, 0, 0, 0, 0, 0, 0, 0, 0, 1, 0, 0, 0, 0]), ('fox', [1, 0, 0, 0, 1, 0, 0, 0, 1, 0, 0, 0, 0, 0, 0, 0, 0, 0, 0, 0, 0, 0, 0, 0, 0, 0, 0, 0, 0, 0, 0, 0, 0, 0, 0, 0, 0, 0, 0, 0, 0, 0, 0, 0, 0, 0, 0, 0, 0, 0, 0, 0, 0, 0, 0, 0, 0, 0, 0, 0, 0, 0, 0, 1, 0, 0, 1, 0, 0, 0, 0, 0, 0, 0, 0, 0, 0, 0, 0, 0, 0, 0, 0, 0, 0, 0, 0, 0, 0, 0, 1, 0, 0, 0, 0, 0, 0, 0, 0, 0, 0, 0, 0, 0, 0, 0, 1, 0, 0, 0, 0, 0, 0, 0, 0, 0, 0, 0, 0, 0, 0, 0, 0, 0, 0]), ('usa_today', [0, 0, 0, 0, 0, 0, 0, 1, 0, 0, 0, 0, 0, 0, 0, 0, 0, 0, 0, 0, 0, 0, 0, 0, 0, 0, 0, 0, 0, 0, 0, 0, 1, 0, 0, 0, 0, 0, 0, 0, 0, 0, 0, 0, 0, 0, 1, 0, 0, 0, 0, 0, 0, 0, 0, 0, 0, 0, 0, 0, 0, 0, 0, 0, 0, 0, 0, 0, 0, 0, 0, 0, 0, 1, 0, 0, 0, 0, 1, 0, 0, 0, 0, 0, 0, 0, 0, 0, 0, 0, 0, 0, 0, 0, 0, 0, 0, 0, 0, 0, 0, 0, 0, 0, 0, 0, 1, 0, 0, 0, 0, 0, 0, 0, 0]), ('huffpost', [0, 0, 0, 0, 0, 0, 0, 0, 0, 0, 0, 0, 0, 0, 0, 0, 1, 0, 0, 0, 0, 1, 0, 0, 0, 1, 1, 0, 0, 1, 0, 0, 0, 1, 0, 0, 0, 0, 0, 0, 0, 0, 0, 0, 0, 0, 0, 0, 0, 0, 0, 0, 0, 0, 0, 0, 1, 0, 0, 0, 0, 1, 0, 0, 0, 0, 1, 0, 0, 1, 0, 0, 0, 0, 0, 0, 0, 0, 0, 0, 1, 0, 0, 0, 1, 0, 0, 0, 0, 0, 0, 1, 0, 0, 1, 0, 0, 0, 0, 0, 0, 0, 0, 0, 0, 0, 0, 0, 0, 0, 0, 0, 0, 0, 0, 0, 0, 0, 0, 0, 0, 0, 0, 0, 0]), ('new_york_times', [1, 0, 1, 0, 0, 0, 0, 0, 0, 1, 0, 0, 1, 0, 0, 0, 0, 0, 0, 0, 0, 0, 0, 0, 0, 0, 0, 0, 0, 0, 0, 0, 0, 0, 0, 0, 0, 0, 1, 1, 1, 0, 0, 0, 0, 1, 0, 0, 0, 0, 0, 0, 1, 0, 0, 0, 1, 0, 0, 0, 0, 0, 0, 0, 0, 0, 0, 0, 0, 0, 0, 0, 0, 0, 0, 0, 0, 0, 0, 0, 1, 0, 0, 0, 0, 0, 0, 0, 0, 0, 0, 0, 0, 0, 1, 0, 0, 0, 1, 0, 0, 0, 0, 0, 0, 0, 0, 0, 0, 0, 0, 0, 0, 0, 0, 0, 0, 0, 0, 0, 0, 0, 0, 0, 0])]

MALE

[('breitbart', [0, 0, 0, 1, 0, 0, 0, 0, 0, 1, 1, 1, 0, 1, 0, 1, 0, 1, 1, 1, 1, 1, 1, 0, 1, 0, 1, 1, 0, 0, 1, 0, 1, 0, 0, 1, 1, 1, 0, 1, 0, 0, 0, 1, 1, 0, 0, 0, 0, 0, 1, 1, 0, 0, 1, 0, 0, 0, 1, 1, 0, 1, 0, 1, 0, 0, 1, 0, 0, 1, 0, 0, 1, 1, 0, 0, 1, 1, 1, 1, 0, 1, 1, 0, 1, 0, 1, 1, 1, 0, 1, 0, 1, 0, 1, 1, 1, 1, 1, 0, 0, 0, 1, 1, 0, 1, 1, 1, 0, 0, 0, 1, 0, 0, 0, 0, 0, 0, 1, 1, 0, 0, 1, 0, 1]), ('fox', [1, 0, 1, 0, 1, 1, 0, 0, 1, 1, 1, 0, 0, 0, 0, 0, 0, 0, 1, 1, 0, 0, 1, 1, 1, 0, 0, 1, 1, 0, 0, 1, 1, 0, 1, 1, 1, 1, 1, 0, 1, 1, 1, 0, 0, 0, 0, 1, 0, 1, 1, 1, 0, 0, 0, 1, 0, 0, 0, 1, 1, 0, 1, 0, 1, 0, 0, 1, 1, 0, 1, 1, 1, 1, 0, 1, 1, 1, 0, 0, 1, 1, 0, 1, 0, 1, 1, 1, 0, 0, 1, 1, 0, 0, 1, 1, 1, 1, 0, 0, 1, 1, 1, 0, 0, 1, 1, 1, 1, 1, 1, 0, 0, 1, 0, 1, 0, 1, 1, 1, 0, 1, 0, 0, 0]), ('usa_today', [1, 1, 1, 1, 1, 1, 1, 1, 1, 1, 0, 0, 1, 0, 1, 0, 1, 1, 0, 0, 0, 0, 0, 1, 1, 1, 0, 1, 1, 0, 0, 1, 1, 0, 1, 0, 0, 1, 0, 1, 1, 0, 0, 1, 0, 0, 0, 1, 1, 1, 0, 0, 0, 0, 1, 1, 1, 0, 1, 1, 1, 1, 1, 0, 1, 0, 1, 0, 0, 0, 0, 0, 1, 1, 1, 0, 1, 1, 0, 1, 0, 1, 1, 1, 1, 1, 1, 1, 0, 1, 0, 1, 1, 1, 1, 1, 0, 1, 0, 0, 1, 1, 1, 1, 1, 0, 1, 1, 0, 1, 1, 0, 1, 1, 0, 1, 1, 1, 0, 1, 0, 0, 0, 0, 0]), ('huffpost', [1, 1, 0, 1, 0, 1, 1, 1, 0, 0, 1, 1, 0, 0, 0, 0, 1, 0, 0, 0, 1, 1, 1, 0, 1, 1, 1, 1, 0, 1, 1, 0, 1, 1, 1, 1, 1, 1, 1, 1, 1, 0, 0, 1, 1, 1, 0, 1, 1, 1, 1, 0, 0, 1, 0, 0, 1, 1, 1, 1, 1, 0, 0, 1, 1, 1, 0, 1, 1, 0, 1, 1, 1, 1, 1, 1, 1, 1, 1, 1, 1, 1, 0, 1, 0, 1, 0, 0, 1, 1, 0, 1, 1, 1, 0, 0, 1, 1, 0, 1, 0, 1, 1, 1, 0, 0, 1, 1, 1, 0, 1, 1, 0, 1, 0, 1, 1, 1, 0, 0, 1, 1, 0, 1, 1]), ('new_york_times', [0, 1, 1, 0, 0, 1, 1, 1, 1, 0, 0, 0, 1, 0, 0, 0, 1, 1, 0, 1, 0, 1, 1, 0, 1, 0, 0, 1, 1, 0, 1, 0, 0, 1, 0, 1, 0, 1, 1, 1, 1, 0, 1, 1, 0, 1, 0, 1, 1, 1, 0, 1, 1, 1, 0, 1, 1, 1, 1, 0, 0, 0, 1, 1, 0, 1, 1, 0, 1, 0, 0, 1, 0, 1, 0, 0, 0, 1, 1, 1, 1, 0, 0, 1, 1, 1, 0, 1, 0, 1, 0, 1, 1, 1, 1, 1, 0, 0, 1, 1, 0, 1, 0, 1, 0, 0, 0, 0, 1, 0, 1, 1, 0, 1, 1, 1, 1, 0, 1, 1, 1, 1, 0, 1, 0])]

PROBABILITIES

[(0.9392565284041816, 0), (0.5375891823434054, 1), (0.7724775057646258, 0), (0.6647118774416222, 1), (0.7616477184984121, 0), (0.7946024199600851, 0), (0.9407890988657396, 0), (0.9508477966555943, 0), (0.9757708478160859, 1), (0.6346198937308525, 0), (0.6962062568584808, 0), (0.9677970754956376, 1), (0.509504609173125, 0), (0.8089424433855525, 0), (0.588396353830263, 1), (0.6647118774416222, 1), (0.9659885472035972, 0), (0.845346062234003, 1), (0.855460115968061, 0), (0.578838288492409, 1), (0.9575584221256538, 0), (0.8211489932585747, 1), (0.9199671693122052, 1), (0.576035562479732, 0), (0.7798221328564805, 0), (0.8523543906469179, 0), (0.8114539964833306, 1), (0.8919446034937333, 0), (0.8919910916228315, 0), (0.640790229590655, 0), (0.6652013867775186, 0), (0.6274492532986604, 0), (0.8640395741272935, 0), (0.5431341348977708, 1), (0.5176125530851696, 1), (0.7481876555299143, 0), (0.6538682065873962, 0), (0.8008957038524398, 0), (0.8080427308575167, 0), (0.9399288521126504, 0), (0.5102140184636101, 1), (0.7703729699672882, 0), (0.9532533325358022, 0), (0.5571840306992963, 0), (0.564414592727096, 0), (0.9018247486009097, 0), (0.9047523007323776, 0), (0.9237599635083467, 0), (0.9710598745136807, 1), (0.8111658101315691, 0), (0.6805322319392924, 0), (0.6761174284354283, 0), (0.824716842026411, 0), (0.677823594444935, 1), (0.6830517253366848, 0), (0.9546573930229538, 1), (0.8908042628905033, 0), (0.8437768437575022, 0), (0.8837045613050225, 0), (0.8300262950367147, 0), (0.695500010521034, 0), (0.966788134679461, 0), (0.9910916311142309, 1), (0.8365780409970517, 0), (0.756306964891332, 0), (0.9334236024841829, 1), (0.6728469373190389, 0), (0.8784265091692893, 0), (0.5350929138761477, 1), (0.9996613886267585, 1), (0.7031196085800773, 0), (0.6647118774416222, 1), (0.5950459191053945, 0), (0.5608109381129991, 1), (0.8459996477730787, 0), (0.715847220441916, 1), (0.7620233633673722, 0), (0.6176791829050641, 0), (0.8046342092706389, 0), (0.6673107192419938, 0), (0.9259096501338898, 1), (0.6715355607706115, 0), (0.6647118774416222, 1), (0.7940306916512674, 0), (0.9209236697825901, 0), (0.8659047654873002, 0), (0.9641689055351236, 0), (0.5306755946316912, 0), (0.5684798099920364, 1), (0.7076778910941034, 1), (0.8457434962960823, 1), (0.9442760540015595, 0), (0.6705552581318858, 1), (0.6647118774416222, 1), (0.7993040796155219, 0), (0.5512158981984947, 0), (0.8604181047250362, 1), (0.8136286783242, 0), (0.7746670979110787, 1), (0.7289087358562177, 0), (0.867044875136148, 0), (0.7393541471707218, 1), (0.6647118774416222, 1), (0.8139670251739947, 0), (0.8359154873472354, 0), (0.9633474407902927, 0), (0.9110949467155712, 0), (0.5826149792788222, 0), (0.8039545334604598, 0), (0.951762442794143, 0), (0.70950728084267, 1), (0.8967422901798737, 0), (0.9432169751111636, 0), (0.7569488778736886, 1), (0.8946004455476575, 0), (0.9445136928821759, 0), (0.7807425257444179, 1), (0.6019440490199501, 0), (0.8997094156993924, 0), (0.7722789138135797, 1), (0.7313666384929841, 1), (0.6438796125990751, 0), (0.9997389033917913, 1), (0.6171292282350065, 0), (0.809245687445585, 0), (0.8580697791237557, 1), (0.559004915980285, 1), (0.8255723044805381, 0), (0.6076563989203007, 1), (0.8691993502992958, 1), (0.8161946213271423, 0), (0.8864325753298798, 0), (0.6872479789367132, 0), (0.8842310436162224, 0), (0.8613595751844341, 0), (0.7912397208808649, 1), (0.9064088412442333, 1), (0.8202852044025647, 0), (0.8817555004647011, 0), (0.9405980065852032, 0), (0.9881823220997756, 1), (0.8652977104034579, 1), (0.9577313619354406, 0), (0.8171536917585707, 0), (0.7347856717153419, 1), (0.7819660643338047, 0), (0.8753358299405777, 0), (0.7162493941319537, 0), (0.7982364039701205, 0), (0.8903074128632879, 0), (0.9972168104462806, 1), (0.9052581138595136, 0), (0.6647118774416222, 1), (0.6266250705409568, 0), (0.9421759250933819, 1), (0.7484109113919326, 0), (0.7109429633765176, 0), (0.5737369669579155, 0), (0.8340975297930813, 0), (0.7560252996120901, 1), (0.9472395162859832, 0), (0.8591363439051132, 0), (0.730452731035742, 1), (0.9629608627462678, 0), (0.8922281997267743, 0), (0.9228851094985432, 0), (0.7401780405203775, 1), (0.9632527112575041, 0), (0.795085390394235, 0), (0.8739308723184057, 0), (0.6324178852011085, 1), (0.8996777555996283, 0), (0.9190586622899029, 0), (0.8286774862971007, 0), (0.8694222737687944, 1), (0.8125173114462715, 1), (0.9994541438610027, 1), (0.6826891644571933, 0), (0.7778292335841892, 0), (0.9059977354856387, 0), (0.5814183836760247, 1), (0.6976709395258762, 0), (0.9999933778375467, 1), (0.9423022237978882, 0), (0.8550042918985831, 1), (0.9322272395022587, 0), (0.6647118774416222, 1), (0.8155124205975524, 1), (0.7327459033346914, 0), (0.8706988071584943, 0), (0.9529728144808414, 0), (0.5419358162080189, 1), (0.7315511109708868, 1), (0.7110324996137324, 1), (0.91005126277235, 0), (0.9999957873410793, 1), (0.7334166594439848, 0), (0.6503216274137976, 0), (0.8078520827421095, 0), (0.8792971132856033, 0), (0.8697831973195591, 0), (0.6024406569875492, 1), (0.9574924399783623, 0), (0.8840834136349268, 0), (0.8344608642319437, 1), (0.8450496293822837, 0), (0.8830883325468728, 1), (0.9337985445901907, 0), (0.8318797206620554, 0), (0.7821577681646592, 0), (0.6406674035093026, 1), (0.6986811455838622, 0), (0.8402375294763786, 0), (0.8167818727854226, 0), (0.903461451916193, 0), (0.6757110664471252, 1), (0.7643583757571338, 0), (0.5639586587328217, 0), (0.9934843072861765, 0), (0.8323544288841536, 1), (0.8681321926511266, 1), (0.693671617663411, 0), (0.8342848295716077, 0), (0.9310436267615468, 0), (0.8972299414103043, 1), (0.7654620687286928, 1), (0.9350156947311832, 0), (0.9051237584113012, 0), (0.995834993766531, 0), (0.7815713623013847, 0), (0.7520389780601449, 0), (0.8873140604535186, 1), (0.6681103826194619, 1), (0.6195298965023444, 0), (0.8245549495868818, 0), (0.9654359387796744, 0), (0.9991450199494883, 1), (0.9589737251414839, 1), (0.6912038201701001, 0), (0.7809288211061274, 0), (0.9819385817099807, 0), (0.9324163804554374, 0), (0.6725091403632559, 0), (0.9401667103838055, 0), (0.5405315958500363, 1), (0.6192018766241512, 1), (0.5090960244549925, 0), (0.9893143687898382, 1), (0.507628856994229, 0), (0.9326613045419461, 0)]
