FEMALE

[('breitbart', [1, 1, 0, 0, 0, 0, 1, 1, 1, 1, 0, 1, 1, 1, 1, 1, 1, 0, 0, 1, 1, 1, 0, 0, 1, 1, 1, 1, 1, 0, 1, 1, 1, 1, 0, 1, 1, 1, 1, 1, 1, 1, 1, 0, 0, 0, 0, 1, 1, 1, 0, 0, 1, 1, 0, 1, 0, 0, 0, 1, 1, 1, 0, 1, 1, 1, 0, 1, 1, 0, 0, 1, 1, 0, 1, 1, 1, 1, 1, 1, 1, 0, 1, 0, 0, 1, 1, 1, 0, 0, 0, 1, 0, 1, 0, 1, 1, 1, 0, 1, 1, 1, 1, 1, 1, 1, 1, 0, 0, 1, 1, 1, 1, 1, 1, 0, 1, 1, 1, 1, 1, 1, 1, 1, 1]), ('fox', [1, 1, 0, 1, 1, 1, 1, 1, 0, 0, 1, 1, 0, 1, 0, 1, 0, 1, 1, 1, 0, 0, 1, 1, 1, 1, 0, 1, 0, 0, 1, 0, 1, 1, 1, 1, 1, 1, 1, 1, 0, 0, 0, 1, 1, 1, 1, 1, 1, 1, 1, 0, 1, 1, 0, 1, 1, 1, 1, 1, 1, 1, 1, 1, 0, 1, 1, 0, 0, 1, 1, 1, 1, 1, 0, 1, 0, 1, 0, 1, 1, 1, 1, 1, 1, 1, 1, 0, 1, 1, 0, 0, 0, 0, 1, 1, 1, 1, 0, 1, 1, 1, 1, 1, 1, 0, 0, 1, 1, 1, 1, 0, 1, 0, 1, 1, 0, 1, 1, 0, 1, 1, 1, 0, 1]), ('usa_today', [1, 0, 0, 0, 0, 1, 1, 0, 0, 1, 0, 0, 1, 0, 1, 1, 1, 1, 1, 1, 1, 0, 0, 1, 0, 0, 1, 0, 0, 0, 0, 1, 1, 0, 1, 1, 0, 0, 1, 1, 1, 1, 0, 0, 0, 1, 0, 0, 0, 1, 0, 1, 1, 0, 1, 0, 0, 1, 1, 0, 1, 1, 1, 1, 1, 0, 0, 1, 1, 1, 1, 1, 0, 1, 0, 0, 0, 0, 1, 0, 1, 0, 0, 1, 1, 1, 1, 0, 0, 0, 1, 1, 0, 0, 0, 1, 1, 1, 1, 0, 0, 0, 0, 1, 0, 0, 0, 1, 0, 0, 0, 1, 0, 1, 1]), ('huffpost', [0, 1, 1, 0, 1, 0, 1, 1, 1, 0, 1, 1, 1, 0, 1, 0, 1, 0, 0, 0, 1, 1, 1, 1, 1, 1, 1, 1, 0, 1, 1, 1, 0, 1, 0, 0, 1, 1, 1, 1, 1, 0, 0, 0, 1, 1, 0, 1, 1, 1, 1, 0, 1, 0, 1, 1, 1, 1, 1, 1, 0, 0, 1, 1, 1, 1, 0, 0, 1, 1, 1, 1, 0, 1, 1, 1, 1, 0, 0, 1, 1, 1, 1, 0, 1, 1, 1, 1, 0, 1, 1, 0, 0, 1, 0, 0, 1, 0, 0, 1, 1, 1, 1, 0, 0, 1, 1, 1, 1, 0, 1, 1, 1, 1, 0, 0, 1, 1, 1, 0, 0, 1, 1, 1, 0]), ('new_york_times', [0, 0, 0, 1, 1, 1, 0, 0, 1, 1, 0, 0, 0, 0, 1, 0, 1, 0, 0, 0, 0, 0, 0, 0, 0, 0, 0, 0, 0, 0, 0, 0, 0, 1, 0, 1, 1, 0, 1, 0, 0, 0, 0, 0, 0, 0, 0, 1, 0, 1, 1, 0, 1, 0, 0, 0, 0, 0, 1, 1, 1, 0, 0, 1, 1, 0, 0, 0, 0, 1, 0, 0, 0, 1, 0, 0, 0, 0, 1, 0, 0, 0, 0, 0, 0, 1, 0, 0, 0, 0, 0, 0, 1, 1, 0, 1, 0, 1, 0, 0, 1, 0, 1, 1, 1, 0, 0, 1, 1, 0, 0, 1, 0, 0, 0, 0, 0, 1, 1, 1, 0, 1, 0, 0, 0])]

MALE

[('breitbart', [1, 1, 1, 1, 1, 1, 1, 1, 1, 1, 1, 1, 1, 1, 1, 1, 1, 1, 1, 1, 1, 1, 1, 1, 1, 1, 1, 1, 1, 1, 1, 1, 1, 1, 1, 1, 1, 1, 1, 1, 1, 1, 1, 1, 1, 1, 1, 1, 1, 1, 1, 1, 1, 1, 1, 1, 1, 1, 1, 1, 1, 1, 1, 1, 1, 1, 1, 1, 1, 1, 1, 1, 1, 1, 1, 1, 1, 1, 1, 1, 1, 1, 1, 1, 1, 1, 1, 1, 1, 1, 1, 1, 1, 1, 1, 1, 1, 1, 1, 1, 1, 1, 1, 1, 1, 1, 1, 1, 1, 1, 1, 1, 1, 1, 1, 1, 1, 1, 1, 1, 1, 1, 1, 1, 1]), ('fox', [1, 1, 1, 1, 1, 1, 1, 1, 1, 1, 1, 1, 1, 1, 1, 1, 1, 1, 1, 1, 1, 1, 1, 1, 1, 1, 1, 1, 1, 1, 1, 1, 1, 1, 1, 1, 1, 1, 1, 1, 1, 1, 1, 1, 1, 1, 1, 1, 1, 1, 1, 1, 1, 1, 1, 1, 1, 1, 1, 1, 1, 1, 1, 1, 1, 1, 1, 1, 1, 1, 1, 1, 1, 1, 1, 1, 1, 1, 1, 1, 1, 1, 1, 1, 1, 1, 1, 1, 1, 1, 1, 1, 1, 1, 1, 1, 1, 1, 1, 1, 1, 1, 1, 1, 1, 1, 1, 1, 1, 1, 1, 1, 1, 1, 1, 1, 1, 1, 1, 1, 1, 1, 1, 1, 1]), ('usa_today', [1, 1, 1, 1, 1, 1, 1, 1, 1, 1, 1, 1, 1, 1, 1, 1, 1, 1, 1, 1, 0, 1, 1, 1, 1, 1, 1, 1, 1, 1, 1, 1, 1, 1, 1, 1, 1, 1, 1, 1, 1, 1, 1, 1, 1, 1, 1, 1, 1, 1, 1, 1, 1, 1, 1, 1, 1, 1, 1, 1, 1, 1, 1, 1, 1, 1, 1, 1, 1, 1, 1, 1, 1, 1, 1, 1, 1, 1, 1, 1, 1, 1, 1, 1, 1, 1, 1, 1, 1, 1, 1, 1, 1, 1, 1, 1, 1, 1, 1, 1, 1, 1, 1, 1, 1, 1, 1, 1, 1, 1, 1, 1, 1, 1, 1, 1, 1, 1, 1, 1, 1, 1, 1, 1, 1]), ('huffpost', [1, 1, 1, 1, 1, 1, 1, 1, 1, 1, 1, 1, 1, 1, 0, 1, 1, 1, 1, 1, 1, 1, 1, 1, 1, 1, 1, 1, 1, 1, 1, 1, 1, 1, 1, 1, 1, 1, 1, 1, 1, 1, 1, 1, 1, 1, 1, 1, 1, 1, 1, 1, 1, 1, 1, 1, 1, 1, 1, 1, 1, 1, 1, 1, 1, 1, 1, 1, 1, 1, 1, 1, 1, 1, 1, 1, 1, 1, 1, 1, 1, 0, 1, 1, 1, 1, 1, 1, 1, 1, 1, 1, 1, 1, 1, 1, 1, 1, 1, 1, 1, 1, 1, 1, 1, 1, 1, 1, 1, 1, 1, 1, 1, 1, 1, 1, 1, 1, 1, 1, 1, 1, 1, 1, 1]), ('new_york_times', [1, 1, 1, 1, 1, 1, 0, 1, 0, 1, 1, 1, 1, 1, 1, 1, 1, 1, 1, 1, 1, 1, 1, 1, 1, 1, 1, 1, 1, 1, 1, 1, 1, 1, 1, 1, 1, 1, 1, 1, 1, 1, 1, 1, 1, 1, 1, 1, 1, 1, 1, 1, 1, 1, 1, 1, 1, 1, 1, 1, 1, 1, 1, 1, 1, 1, 1, 1, 1, 1, 1, 1, 1, 1, 1, 1, 1, 1, 1, 1, 1, 1, 1, 1, 1, 1, 1, 1, 1, 0, 1, 1, 1, 1, 1, 1, 1, 1, 1, 1, 1, 1, 1, 1, 1, 1, 1, 0, 1, 1, 1, 1, 0, 1, 1, 1, 1, 1, 1, 1, 1, 1, 1, 1, 1])]

PROBABILITIES

[(0.5, 0), (0.5, 0), (0.5, 0), (0.5, 0), (0.5, 0), (0.5, 0), (0.5, 0), (0.5, 0), (0.5, 0), (0.5, 0), (0.5, 0), (0.5, 0), (0.5, 0), (0.5, 0), (0.5, 0), (0.5, 0), (0.5, 0), (0.5, 0), (0.5, 0), (0.5, 0), (0.5, 0), (0.5, 0), (0.5, 0), (0.5, 0), (0.5, 0), (0.5, 0), (0.5, 0), (0.5, 0), (0.5, 0), (0.5, 0), (0.5, 0), (0.5, 0), (0.5, 0), (0.5, 0), (0.5, 0), (0.5, 0), (0.5, 0), (0.5, 0), (0.5, 0), (0.5, 0), (0.5, 0), (0.5, 0), (0.5, 0), (0.5, 0), (0.5, 0), (0.5, 0), (0.5, 0), (0.5, 0), (0.5, 0), (0.5, 0), (0.5, 0), (0.5, 0), (0.5, 0), (0.5, 0), (0.5, 0), (0.5, 0), (0.5, 0), (0.5, 0), (0.5, 0), (0.5, 0), (0.5, 0), (0.5, 0), (0.5, 0), (0.5, 0), (0.5, 0), (0.5, 0), (0.5, 0), (0.5, 0), (0.5, 0), (0.5, 0), (0.5, 0), (0.5, 0), (0.5, 0), (0.5, 0), (0.5, 0), (0.5, 0), (0.5, 0), (0.5, 0), (0.5, 0), (0.5, 0), (0.5, 0), (0.5, 0), (0.5, 0), (0.5, 0), (0.5, 0), (0.5, 0), (0.5, 0), (0.5, 0), (0.5, 0), (0.5, 0), (0.5, 0), (0.5, 0), (0.5, 0), (0.5, 0), (0.5, 0), (0.5, 0), (0.5, 0), (0.5, 0), (0.5, 0), (0.5, 0), (0.5, 0), (0.5, 0), (0.5, 0), (0.5, 0), (0.5, 0), (0.5, 0), (0.5, 0), (0.5, 0), (0.5, 0), (0.5, 0), (0.5, 0), (0.5, 0), (0.5, 0), (0.5, 0), (0.5, 0), (0.5, 0), (0.5, 0), (0.5, 0), (0.5, 0), (0.5, 0), (0.5, 0), (0.5, 0), (0.5, 0), (0.5, 0), (0.5, 0), (0.5, 0), (0.5, 0), (0.5, 0), (0.5, 0), (0.5, 0), (0.5, 0), (0.5, 0), (0.5, 0), (0.5, 0), (0.5, 0), (0.5, 0), (0.5, 0), (0.5, 0), (0.5, 0), (0.5, 0), (0.5, 0), (0.5, 0), (0.5, 0), (0.5, 0), (0.5, 0), (0.5, 0), (0.5, 0), (0.5, 0), (0.5, 0), (0.5, 0), (0.5, 0), (0.5, 0), (0.5, 0), (0.5, 0), (0.5, 0), (0.5, 0), (0.5, 0), (0.5, 0), (0.5, 0), (0.5, 0), (0.5, 0), (0.5, 0), (0.5, 0), (0.5, 0), (0.5, 0), (0.5, 0), (0.5, 0), (0.5, 0), (0.5, 0), (0.5, 0), (0.5, 0), (0.5, 0), (0.5, 0), (0.5, 0), (0.5, 0), (0.5, 0), (0.5, 0), (0.5, 0), (0.5, 0), (0.5, 0), (0.5, 0), (0.5, 0), (0.5, 0), (0.5, 0), (0.5, 0), (0.5, 0), (0.5, 0), (0.5, 0), (0.5, 0), (0.5, 0), (0.5, 0), (0.5, 0), (0.5, 0), (0.5, 0), (0.5, 0), (0.5, 0), (0.5, 0), (0.5, 0), (0.5, 0), (0.5, 0), (0.5, 0), (0.5, 0), (0.5, 0), (0.5, 0), (0.5, 0), (0.5, 0), (0.5, 0), (0.5, 0), (0.5, 0), (0.5, 0), (0.5, 0), (0.5, 0), (0.5, 0), (0.5, 0), (0.5, 0), (0.5, 0), (0.5, 0), (0.5, 0), (0.5, 0), (0.5, 0), (0.5, 0), (0.5, 0), (0.5, 0), (0.5, 0), (0.5, 0), (0.5, 0), (0.5, 0), (0.5, 0), (0.5, 0), (0.5, 0), (0.5, 0), (0.5, 0), (0.5, 0), (0.5, 0), (0.5, 0), (0.5, 0), (0.5, 0), (0.5, 0), (0.5, 0), (0.5, 0), (0.5, 0), (0.5, 0), (0.5, 0), (0.5, 0), (0.5, 0), (0.5, 0), (0.5, 0), (0.5, 0), (0.5, 0), (0.5, 0)]
